98368,152
